818
111
54
434
976
383
917
820
470
523
423
930
263
488
592
459
476
440
132
929
48
646
944
331
452
492
108
452
127
41
348
441
886
166
202
495
340
327
978
242
390
63
658
211
998
20
443
193
553
9
384
232
511
610
2
263
159
570
493
571
653
353
539
1
273
834
307
745
388
496
878
534
129
152
374
922
798
881
74
686
374
720
26
918
821
992
28
251
407
175
521
131
253
284
224
667
405
109
876
996
845
637
492
643
643
233
111
675
244
955
121
141
751
232
759
551
221
29
291
379
88
263
308
262
837
87
102
553
391
435
801
36
913
250
8
342
600
640
785
417
131
463
244
179
352
391
689
903
740
372
667
794
798
829
291
281
296
685
722
223
339
850
446
389
879
475
816
450
420
959
208
954
263
112
246
955
596
735
262
786
357
9
343
324
500
726
400
1
267
402
879
642
869
148
472
419
360
93
62
484
306
587
17
209
165
283
260
514
417
132
665
772
980
24
276
670
688
702
689
808
497
874
106
918
585
607
793
602
755
795
343
15
872
528
623
818
33
586
521
787
185
692
694
586
334
669
629
868
509
177
465
988
535
434
775
534
667
781
463
439
385
625
470
400
880
137
53
985
141
643
619
643
26
145
26
454
6
277
800
441
870
594
820
991
80
253
178
94
255
42
853
404
544
819
792
642
160
707
450
794
776
529
331
61
830
160
311
485
1
3
182
953
568
862
318
175
712
200
294
315
545
660
815
374
835
390
169
498
874
995
335
489
979
257
888
414
546
829
683
467
618
484
822
953
152
17
723
319
468
989
224
233
900
613
457
33
407
645
852
827
203
754
785
379
348
758
220
41
394
676
9
636
669
434
394
837
640
679
55
906
903
162
491
547
454
434
639
273
599
340
686
554
847
647
485
778
591
604
172
299
650
192
980
517
79
979
239
880
797
675
167
470
357
114
604
702
185
119
622
819
720
48
603
747
234
909
973
451
478
751
875
424
486
7
11
376
523
235
265
895
555
459
646
357
651
138
655
525
195
728
857
489
181
988
326
897
552
151
79
442
863
91
966
627
602
411
71
514
750
956
603
221
582
801
816
733
221
516
712
829
230
872
619
984
578
668
148
24
725
170
6
771
382
141
673
80
857
281
173
1000
587
388
81
823
113
114
25
353
262
334
602
753
39
60
970
125
724
101
193
37
733
529
438
211
390
944
744
244
937
708
554
404
335
950
913
424
818
513
661
813
794
804
842
478
106
480
146
146
214
881
992
988
116
914
355
460
419
945
190
307
828
914
496
988
492
351
141
861
980
100
752
37
85
784
363
679
211
792
389
453
61
382
198
976
301
495
922
643
274
243
40
576
464
389
213
658
929
129
490
9
474
333
367
716
756
472
570
945
950
432
160
184
860
160
255
318
862
366
85
965
238
410
681
560
807
802
252
659
975
330
195
633
194
329
636
160
723
151
659
400
686
867
784
481
263
585
206
417
553
560
842
388
92
986
270
350
470
596
425
220
909
253
181
513
78
900
709
740
749
946
857
767
745
350
232
322
43
879
576
718
99
516
564
773
15
887
603
878
889
537
617
280
876
871
108
140
595
513
621
932
22
395
225
866
90
525
828
601
811
125
921
840
816
285
695
925
468
254
179
294
196
819
590
530
746
899
820
342
717
182
856
476
227
216
543
30
612
516
552
176
980
392
804
204
164
126
511
558
605
98
27
39
315
367
438
832
754
717
72
124
864
253
179
72
863
405
294
359
428
518
672
629
25
666
502
189
603
268
193
238
561
744
183
280
330
529
900
996
369
889
604
490
416
259
40
84
302
764
979
8
247
296
104
11
342
65
778
488
321
931
15
711
73
827
986
507
77
237
636
300
66
404
438
187
121
556
21
244
37
131
450
981
815
406
269
925
56
153
685
176
322
518
911
327
171
215
457
196
543
102
594
195
914
641
624
916
255
651
197
12
719
317
54
699
553
28
209
497
826
476
435
794
218
651
924
905
667
768
8
760
254
625
682
269
308
468
462
328
733
397
724
584
393
751
396
550
617
302
378
314
145
624
760
441
956
324
962
520
644
442
586
674
108
338
16
757
92
121
878
83
273
686
222
501
574
299
536
345
203
735
515
260
392
32
471
474
438
838
981
914
762
642
692
423
207
413
345
81
607
453
610
291
149
10
559
957
354
271
173
209
763
876
600
674
83
481
973
681
362
740
409
50
554
83
938
619
73
910
584
804
880
19
862
817
119
5
787
773
818
62
384
681
332
185
310
458
63
933
269
593
78
300
579
947
479
274
15
769
975
488
585
562
99
239
472
524
825
82
591
305
482
221
101
310
12
986
671
39
703
362
980
334
308
288
766
483
437
321
784
925
589
1000
16
711
117
582
122
422
424
694
718
366
396
567
623
275
798
618
97
749
936
267
446
365
825
125
293
293
985
118
488
260
55
546
121
999
402
987
896
755
584
165
387
86
166
728
987
389
141
559
911
656
109
237
431
538
353
967
526
645
246
92
853
482
25
282
240
902
557
906
360
656
277
619
628
198
980
676
364
776
230
851
84
804
507
851
194
920
416
986
996
879
993
576
825
994
567
819
562
392
346
232
436
72
723
940
293
499
73
384
24
279
630
395
47
613
44
865
884
932
418
185
308
407
661
909
272
305
5
26
689
257
989
247
112
976
830
843
240
727
281
775
857
958
119
362
177
39
503
499
56
673
778
577
512
985
295
47
735
66
854
939
35
613
443
5
945
28
842
909
610
336
249
205
931
554
134
118
839
782
301
358
867
492
78
486
94
432
314
314
242
474
104
962
27
320
528
542
35
39
834
318
376
784
204
182
147
446
743
633
342
14
37
45
745
744
721
508
368
386
970
307
69
780
589
715
549
830
335
756
506
837
420
137
53
444
150
263
733
823
590
856
81
859
152
116
29
218
662
7
548
907
628
829
915
37
771
153
86
587
556
189
457
171
482
836
213
257
740
891
493
49
430
350
779
282
668
728
740
621
251
858
221
597
563
148
25
192
436
353
504
731
779
996
309
69
586
769
100
698
930
471
670
999
805
777
42
133
748
267
18
30
426
434
199
693
867
580
130
122
29
87
601
187
481
46
786
646
470
5
750
218
947
917
549
838
22
219
114
609
973
739
338
401
736
243
727
367
353
930
227
551
682
711
116
589
690
397
587
611
459
884
864
983
875
795
149
761
204
185
949
458
914
20
457
984
121
288
759
239
857
721
880
74
687
28
28
286
457
791
237
623
901
857
828
907
958
452
11
125
541
159
736
709
488
32
667
218
753
903
845
865
710
285
709
663
728
747
160
602
834
855
379
534
688
250
440
348
521
517
779
357
835
529
248
444
130
333
595
753
292
650
596
617
148
939
461
627
921
280
809
766
770
690
66
6
640
761
887
797
848
96
225
606
483
418
472
988
100
558
910
73
662
238
592
708
591
958
509
401
597
951
164
28
452
227
454
944
729
3
485
170
733
156
960
187
233
80
20
954
147
448
216
551
779
263
877
900
860
698
520
279
490
308
62
634
980
726
179
859
926
907
750
454
111
130
700
161
777
709
96
696
114
734
556
679
446
664
55
902
967
627
483
654
546
618
441
218
431
399
676
905
557
871
94
359
527
719
275
483
719
61
312
820
742
380
407
204
77
551
459
318
787
926
330
284
555
582
211
225
488
355
477
30
664
233
210
968
347
624
255
638
487
494
529
848
874
558
389
571
650
790
731
409
252
166
728
709
751
692
343
404
44
317
860
223
365
382
613
173
327
104
965
309
973
154
77
58
562
921
649
543
19
434
965
225
646
319
658
500
179
232
617
853
846
1
651
799
510
898
283
450
685
892
296
309
596
894
826
956
707
959
968
965
42
38
68
204
846
158
268
622
443
685
118
618
59
228
319
851
448
560
168
243
20
463
197
474
562
798
331
924
56
311
702
296
68
576
444
20
424
670
921
910
803
249
376
126
94
744
699
679
631
918
376
932
413
364
784
591
593
558
548
372
558
682
38
453
541
946
921
71
399
107
598
721
719
286
101
764
891
364
244
142
135
310
527
337
278
722
956
56
399
577
265
898
792
62
925
15
65
25
272
343
447
289
119
642
683
777
368
770
711
585
838
180
620
933
313
934
451
274
102
322
374
981
279
897
514
862
534
91
892
17
571
490
517
597
199
22
203
341
989
195
893
237
20
423
146
286
699
551
255
242
546
145
627
292
640
396
153
158
343
436
50
582
392
770
492
162
331
320
482
736
344
778
369
954
963
496
837
255
384
296
398
949
139
608
354
258
58
889
728
978
929
455
470
787
354
549
208
972
959
981
382
164
501
661
88
735
431
781
697
810
260
669
965
456
950
428
719
165
256
563
652
759
675
935
534
669
637
830
390
192
662
553
241
934
336
55
653
565
323
682
33
108
483
922
479
133
983
328
198
935
190
814
544
72
895
17
484
264
613
416
769
913
453
847
689
226
590
532
469
538
908
114
275
505
185
236
752
586
161
513
427
205
632
989
632
466
690
9
446
120
494
633
718
475
264
459
144
683
34
439
99
985
102
626
281
613
690
381
821
994
177
450
106
819
498
118
409
112
935
970
606
112
693
964
992
106
602
994
715
287
224
46
76
446
156
85
680
387
595
498
721
338
67
400
462
773
601
572
518
845
764
256
225
38
548
604
467
187
512
336
254
160
956
180
35
366
323
352
124
792
887
119
817
973
242
662
717
471
847
603
124
32
522
425
644
916
769
175
988
185
478
344
229
674
10
469
652
268
223
350
625
88
874
193
856
919
603
217
569
116
810
575
638
986
944
390
705
886
887
696
911
216
151
414
572
363
654
725
92
900
963
52
867
383
560
706
635
964
457
268
872
81
37
828
929
281
552
765
349
890
778
891
166
924
320
872
695
830
973
520
606
322
300
342
542
64
829
775
981
961
818
164
28
874
492
958
648
440
39
42
267
290
902
236
856
282
645
591
130
302
769
722
223
963
974
87
366
17
837
813
402
345
855
941
986
786
739
953
631
36
360
80
617
916
904
39
174
413
633
497
576
408
888
999
602
802
732
611
415
180
637
918
111
720
791
242
254
383
143
801
179
303
264
836
554
354
226
320
222
98
145
714
631
16
53
395
91
747
163
319
788
910
823
816
895
682
532
87
748
131
274
378
703
975
243
873
121
832
794
315
867
723
24
237
681
113
588
42
119
859
175
551
59
314
881
677
830
524
987
553
128
707
818
624
791
631
100
892
612
764
411
540
882
550
667
135
723
49
898
313
561
989
155
54
878
518
566
475
137
177
408
836
910
851
666
352
104
212
56
376
333
648
521
423
262
846
70
100
290
866
177
570
798
677
132
504
427
364
266
756
524
94
886
155
770
358
582
636
445
697
115
554
849
161
984
792
764
800
293
230
408
889
535
474
209
719
797
602
484
345
345
654
377
253
122
875
159
457
650
785
795
298
912
550
925
899
917
339
383
599
35
820
322
105
102
421
6
88
699
608
118
913
944
556
982
460
863
407
635
265
626
707
573
579
292
775
883
954
306
236
403
583
757
424
540
264
92
832
690
763
482
877
813
775
985
769
807
526
266
907
88
847
499
39
976
329
195
753
432
737
821
727
93
380
910
582
290
896
900
981
360
636
166
838
157
169
938
555
999
928
111
477
931
962
304
671
783
950
736
777
608
157
856
872
336
834
179
475
359
518
563
385
133
720
842
894
674
817
966
37
306
868
753
670
593
172
852
560
590
425
192
570
71
874
129
676
361
902
312
875
345
702
795
729
228
146
987
26
272
164
649
538
205
649
525
165
76
979
69
63
754
787
527
802
168
204
804
141
123
467
184
737
875
675
442
175
570
638
836
597
610
997
447
448
451
848
575
620
313
513
534
550
630
362
880
418
521
679
867
640
378
478
288
441
1000
555
210
392
18
368
562
916
606
754
565
562
897
166
507
751
636
722
284
131
415
625
840
648
260
438
875
506
99
114
100
265
158
584
817
665
856
173
977
75
615
637
21
844
970
672
644
715
504
516
281
368
816
820
379
192
383
110
521
5
537
515
392
906
703
767
954
788
801
80
629
116
824
347
125
186
882
169
22
531
75
465
979
571
605
208
628
597
220
155
456
230
801
189
607
898
960
916
481
743
392
29
241
614
438
568
800
8
334
806
431
580
712
414
605
78
131
304
264
236
320
233
884
498
782
37
421
661
789
626
795
276
481
200
969
739
533
191
962
730
1
562
289
138
706
871
594
359
301
160
675
536
800
979
169
307
780
53
352
550
482
782
602
801
345
942
819
391
186
230
695
324
688
32
929
224
407
432
993
328
216
100
552
334
46
271
507
279
56
3
914
202
771
524
932
889
595
714
929
711
679
407
995
682
38
631
954
306
609
804
811
199
231
865
452
537
191
23
262
536
445
603
887
756
460
208
604
447
660
113
856
55
688
975
91
936
616
544
817
909
542
513
189
367
486
82
834
742
399
759
423
828
480
600
653
545
873
830
638
609
655
21
539
650
787
913
793
370
656
649
602
21
576
329
516
235
626
203
480
272
569
789
961
981
812
902
406
845
517
625
662
354
105
196
911
885
387
875
131
340
189
293
896
813
716
16
570
561
758
897
327
708
395
611
423
561
29
137
854
499
790
895
256
325
125
921
376
995
836
935
844
898
656
273
760
810
390
340
109
788
479
15
230
414
240
47
727
691
112
245
795
959
670
466
112
608
103
209
745
553
121
906
680
664
967
791
134
367
794
623
360
720
728
777
295
681
779
258
13
246
185
519
631
142
403
102
723
582
476
199
751
58
320
48
91
346
270
557
989
601
596
391
591
720
5
11
551
169
762
779
35
864
482
786
254
699
151
777
124
35
959
863
846
515
891
341
786
380
224
398
570
331
951
150
775
546
123
370
274
243
711
429
398
740
377
507
814
571
711
237
631
411
452
77
41
927
239
916
679
235
649
239
600
10
713
256
858
761
373
9
747
267
567
771
563
342
338
900
473
730
551
511
280
314
752
830
981
427
65
642
352
169
302
835
189
777
172
627
358
841
120
724
854
668
30
466
973
225
168
171
891
315
667
579
443
204
7
684
758
802
163
459
960
139
690
870
979
261
126
825
94
454
807
720
881
906
264
622
440
819
127
43
177
131
63
93
20
829
908
254
607
881
426
35
891
102
537
52
998
577
121
295
5
372
559
479
550
858
121
338
944
127
276
929
247
549
695
984
456
721
923
629
349
315
217
413
525
684
584
682
883
650
714
785
650
431
379
807
626
216
373
84
857
345
402
704
729
294
391
585
457
316
152
599
3
997
854
983
962
330
331
923
374
564
758
450
830
603
239
788
48
431
760
430
471
229
525
820
738
633
234
100
709
842
632
935
503
43
684
731
631
685
228
491
723
346
327
800
670
412
584
856
93
844
805
29
247
655
634
673
143
395
926
253
287
831
911
225
395
816
735
230
455
39
946
583
373
488
682
725
7
686
961
385
845
594
690
725
180
707
997
68
995
151
901
32
419
695
72
258
715
352
626
259
645
318
598
385
553
323
994
22
683
189
718
547
507
478
185
665
722
13
56
824
268
410
132
680
134
630
439
469
668
528
331
400
903
772
998
591
546
415
37
703
56
478
588
224
380
883
760
15
877
73
201
481
883
31
96
730
658
584
264
478
122
684
788
615
168
31
925
861
470
343
414
683
809
507
926
206
268
910
97
441
665
611
116
907
575
467
547
914
229
905
449
689
617
695
610
213
133
450
544
805
726
503
921
672
627
297
81
776
199
35
265
20
482
87
412
595
922
353
338
132
369
294
355
147
484
334
105
94
840
296
362
277
25
653
689
488
824
516
48
402
336
197
172
267
53
529
85
860
217
686
985
819
988
193
308
879
776
892
37
965
511
871
40
768
369
818
459
472
893
361
272
193
203
840
910
772
572
525
956
138
623
646
812
317
761
839
367
313
8
446
242
311
636
994
925
171
555
253
692
675
895
186
196
672
934
377
979
417
981
720
988
74
642
412
366
636
869
637
897
182
9
567
740
569
765
964
493
593
458
399
454
311
873
124
16
27
643
140
975
503
891
156
426
407
387
572
709
580
962
245
765
88
399
436
463
52
909
875
221
238
363
15
38
350
767
932
777
46
942
572
526
458
994
790
385
469
121
467
156
859
6
460
983
325
654
400
663
799
417
58
712
990
82
486
224
901
293
300
962
270
949
557
860
149
663
851
93
904
70
293
710
363
179
231
628
945
505
696
991
917
99
997
91
821
227
771
160
552
319
89
840
846
241
876
324
678
140
405
531
405
191
621
952
626
359
224
495
375
685
687
261
921
8
600
873
328
513
416
778
98
26
856
62
306
785
965
20
879
575
977
942
487
295
440
855
850
477
349
797
106
597
194
523
456
709
894
342
18
512
313
754
520
336
539
32
327
575
283
14
253
234
4
579
818
763
609
757
119
825
8
537
873
38
581
886
54
69
13
351
672
198
779
483
399
247
616
571
368
416
451
335
11
675
576
317
235
495
540
31
775
168
607
224
429
788
170
595
702
732
840
327
693
341
657
547
296
482
594
714
113
960
344
715
791
685
674
912
309
982
831
793
428
796
845
21
236
602
240
548
621
222
243
411
829
73
681
60
514
637
140
386
606
282
495
222
75
829
95
777
420
861
227
895
739
467
725
180
913
837
985
678
256
559
842
150
404
936
164
404
48
948
444
742
964
483
619
420
268
877
49
635
508
808
199
541
776
208
837
914
16
361
954
525
601
324
729
508
214
28
480
429
453
660
93
570
190
247
577
177
846
731
982
515
146
450
485
719
599
599
287
546
350
394
806
20
860
527
836
306
304
777
625
916
550
255
522
403
624
241
276
761
508
225
593
564
881
512
953
792
611
220
249
400
6
507
761
657
439
990
423
508
557
389
282
933
103
995
649
108
791
886
65
768
580
893
837
91
253
606
976
134
953
627
822
137
476
680
688
271
260
4
399
588
834
850
264
204
43
371
533
786
526
849
900
41
296
738
728
947
731
975
37
803
253
736
618
249
197
223
103
377
776
613
350
160
865
212
334
549
192
995
985
312
505
615
56
242
637
836
701
24
374
352
877
269
11
496
721
818
627
506
217
493
543
406
169
380
736
137
1000
108
240
687
635
834
756
316
673
477
863
840
7
38
66
709
444
174
510
670
958
794
596
509
619
877
244
473
444
795
435
3
804
693
104
883
918
509
220
212
140
752
129
600
564
299
67
881
973
499
900
686
607
61
532
830
576
206
933
163
739
793
748
46
572
275
187
724
246
836
940
26
309
589
48
810
7
240
838
681
412
824
503
876
999
486
717
791
565
669
364
57
531
27
697
712
708
308
607
388
215
52
656
707
255
841
16
704
132
595
294
473
958
873
356
668
674
769
381
188
366
988
550
566
494
548
733
266
265
530
622
465
397
360
677
26
758
136
149
784
670
495
575
108
895
810
158
2
972
451
215
322
493
520
759
166
97
568
404
691
398
91
197
230
708
405
910
84
439
30
691
542
267
801
133
159
122
983
619
683
929
479
152
253
89
333
82
845
137
468
27
533
680
729
304
295
416
214
655
709
614
575
549
316
30
956
501
213
932
363
805
785
261
402
555
217
844
246
988
56
336
3
653
277
74
457
651
408
77
215
20
704
102
238
192
807
579
773
730
467
120
916
537
242
300
599
500
265
794
729
666
953
892
890
622
847
473
359
729
566
759
965
858
402
52
113
912
252
430
559
697
85
347
533
139
889
722
138
823
138
96
121
533
310
559
644
947
750
505
535
895
275
546
171
44
415
363
603
265
69
931
190
132
559
128
249
934
210
115
432
904
176
850
993
492
10
263
446
630
767
997
165
105
893
570
965
854
283
648
807
823
120
366
511
281
668
892
157
400
322
860
924
572
334
539
431
153
160
246
19
229
149
898
421
627
55
787
64
684
265
678
203
749
80
611
565
171
201
794
822
651
891
679
3
798
257
351
277
754
311
114
831
532
917
331
682
240
717
930
47
587
197
202
681
448
482
534
692
863
441
119
222
460
635
265
760
755
564
300
176
345
592
45
495
941
763
796
530
822
275
89
359
894
733
472
518
164
760
371
33
16
433
919
314
383
580
222
439
422
309
611
820
722
8
845
766
926
587
874
223
583
661
941
779
377
643
435
998
525
135
902
672
138
533
404
766
175
740
26
749
739
421
530
397
227
132
701
761
522
472
889
791
824
224
138
80
793
859
583
37
278
36
660
299
985
497
877
142
785
478
66
438
886
907
261
135
686
887
944
51
902
519
372
644
988
863
861
633
593
171
817
207
28
58
583
225
513
632
940
301
1
175
640
28
827
913
319
46
528
317
412
160
237
3
728
171
865
557
16
314
333
469
613
72
107
413
948
139
871
599
125
857
603
177
337
765
855
380
509
934
389
514
804
589
555
41
624
265
993
672
657
360
826
837
262
92
391
377
263
879
591
921
934
661
115
274
834
69
341
959
347
787
889
234
52
701
908
397
305
584
553
467
450
518
282
305
360
894
420
522
325
465
931
203
800
812
596
876
957
199
730
528
363
136
495
897
687
621
644
922
687
292
645
755
608
745
91
27
424
892
349
781
776
611
609
409
73
531
555
485
120
431
960
616
28
747
725
348
51
568
160
549
244
347
400
930
984
900
289
839
290
488
855
220
109
172
84
270
101
551
84
568
533
850
501
422
712
30
557
461
19
922
883
378
407
32
952
502
748
747
126
538
161
224
574
77
297
861
344
95
959
130
227
313
682
187
740
692
643
791
707
810
627
304
442
797
610
919
543
642
114
195
576
936
738
454
902
371
566
564
378
184
364
889
459
965
225
982
170
415
426
992
653
878
231
213
64
105
97
723
298
473
933
431
114
533
64
23
162
18
274
109
844
236
687
912
810
398
160
904
930
682
897
94
509
277
251
502
681
578
977
826
444
441
576
820
425
428
200
879
599
62
695
379
956
649
509
371
146
210
466
868
312
298
675
581
129
516
227
886
929
518
950
334
11
878
753
285
807
738
389
106
681
388
379
10
742
816
809
718
640
340
10
839
48
323
980
1
642
229
163
105
132
607
307
924
681
426
306
990
858
307
884
828
932
918
120
494
461
552
456
44
399
392
886
964
79
896
33
86
463
798
647
180
719
497
181
225
603
483
545
676
670
922
360
769
428
58
740
444
517
395
389
67
93
602
57
448
992
406
958
255
491
425
795
330
621
946
895
159
285
491
609
234
189
772
654
980
356
379
945
912
818
389
989
630
980
910
678
758
999
993
734
34
833
124
267
88
571
452
325
651
514
736
14
293
45
572
90
931
409
141
773
293
984
811
140
720
937
216
491
810
584
44
950
202
622
347
219
737
803
411
69
585
944
973
883
984
585
655
407
352
479
4
635
511
356
897
941
118
184
333
587
361
984
156
953
970
102
112
384
762
235
349
800
420
825
686
118
423
254
305
945
617
482
924
294
491
33
747
300
501
4
752
138
206
746
365
44
783
644
360
156
325
935
419
965
418
522
776
378
727
790
590
301
704
301
114
988
740
236
652
638
175
690
181
500
886
363
138
826
494
262
280
388
889
9
956
781
166
526
685
227
684
991
257
239
810
694
904
824
334
991
361
655
681
902
600
37
716
37
64
304
569
342
858
132
135
607
618
455
827
787
371
333
664
757
903
258
436
423
28
86
902
32
878
618
559
12
901
617
860
470
171
969
861
953
172
329
869
572
530
884
823
411
836
476
601
362
19
234
224
301
433
170
176
130
678
531
685
216
472
475
27
241
54
154
574
355
841
613
519
452
208
635
100
107
158
612
387
300
18
661
578
811
531
551
726
938
222
840
943
629
294
753
372
99
950
614
88
967
869
901
424
388
991
166
375
167
60
97
689
934
616
956
272
991
391
259
30
267
290
938
240
801
105
751
507
86
599
970
815
194
469
150
916
887
396
393
20
595
347
375
7
612
120
29
53
483
471
969
364
225
93
519
918
854
847
503
477
856
644
306
134
1000
635
650
296
129
195
441
919
794
237
306
90
411
503
612
317
668
248
605
563
736
676
555
259
752
579
78
838
301
954
937
603
397
285
983
895
455
599
314
212
385
376
126
717
630
137
548
595
798
919
267
895
621
498
633
989
493
745
248
57
959
460
563
888
389
846
375
278
899
173
351
175
468
982
695
124
809
74
690
461
260
215
199
517
467
84
878
222
175
606
825
906
212
752
349
979
67
538
256
752
43
312
364
228
607
29
617
740
369
525
914
837
963
836
957
504
598
670
870
347
836
28
613
694
951
831
403
118
221
517
508
145
723
581
150
375
782
912
57
633
600
534
798
376
975
586
857
469
482
268
91
473
29
969
248
968
629
280
112
774
93
523
793
190
293
840
89
827
780
36
369
661
932
19
445
355
452
702
808
103
516
25
900
98
601
15
191
468
672
749
473
928
655
169
346
450
703
765
360
358
190
59
246
118
65
182
289
224
174
954
996
842
207
242
443
187
427
340
548
15
206
43
569
278
977
193
250
633
748
751
712
890
16
2
804
664
913
3
294
980
440
764
498
979
199
202
916
95
286
403
164
660
267
830
749
941
509
9
951
40
689
82
28
173
429
902
536
974
18
456
977
595
912
383
94
133
625
198
180
84
247
193
484
112
321
105
656
768
824
860
716
27
89
20
209
169
835
138
132
572
223
439
86
912
288
791
356
709
200
370
79
165
346
512
326
254
806
177
199
933
158
678
860
325
848
799
850
755
380
258
893
615
229
796
184
313
284
200
593
341
928
441
808
573
314
382
199
938
445
993
725
951
755
387
869
490
106
312
884
727
949
418
416
674
431
701
59
321
154
790
63
460
141
273
115
2
69
501
764
577
938
862
599
378
834
719
514
558
507
234
962
57
954
782
567
66
969
116
332
907
444
294
347
484
796
67
902
750
781
699
423
654
546
700
464
129
601
775
927
478
408
2
561
165
550
75
688
234
599
629
127
573
63
698
746
545
864
766
354
159
823
795
702
686
280
318
77
121
58
742
784
46
964
124
181
142
599
795
893
918
366
126
111
529
823
376
830
848
165
780
133
847
887
929
59
860
344
761
602
703
497
711
273
617
572
283
97
586
215
996
28
83
912
600
489
604
640
459
860
548
648
393
795
587
920
474
716
365
535
753
754
293
516
304
878
491
203
300
377
140
603
257
591
444
76
394
656
251
269
455
169
569
684
155
911
575
463
760
211
692
535
954
593
520
221
389
763
440
373
363
42
591
422
686
908
126
339
750
273
384
292
296
463
940
477
340
22
95
576
873
806
93
175
551
756
452
561
368
748
782
6
875
192
273
366
711
566
788
403
145
535
864
743
682
932
120
655
761
987
991
871
128
304
957
576
676
503
197
492
990
701
294
762
282
926
180
285
841
504
938
671
111
623
159
179
970
322
146
383
589
691
658
600
153
676
927
624
919
741
135
322
652
466
166
670
97
176
933
48
734
264
845
203
139
348
1000
739
891
879
765
80
413
866
958
678
8
280
351
321
474
274
758
486
517
559
601
573
510
443
512
539
428
753
800
476
770
811
985
517
169
606
981
646
293
323
702
582
17
983
178
410
521
676
365
966
909
456
100
940
709
387
481
497
166
303
928
180
647
536
53
51
616
274
111
958
768
530
301
68
472
253
772
988
58
676
610
316
800
129
346
21
426
619
636
744
496
949
288
905
887
798
855
74
292
169
486
203
219
20
696
764
162
845
527
933
543
889
135
749
106
694
767
134
984
704
901
482
622
409
580
263
102
969
821
661
569
518
503
561
993
492
36
50
362
469
58
728
300
748
770
772
671
716
760
587
84
117
480
508
20
278
553
417
512
278
401
354
20
124
893
780
184
271
803
993
116
568
230
441
199
380
981
695
876
229
936
374
498
951
72
794
551
816
603
75
8
825
960
795
671
577
341
913
2
233
290
334
516
786
481
709
322
682
365
872
228
814
276
637
629
929
995
511
945
419
260
513
531
661
846
453
920
600
42
427
675
605
53
469
918
327
406
919
569
397
398
468
171
683
359
67
394
632
603
248
384
323
802
487
412
238
103
580
162
797
592
886
184
776
824
778
974
867
258
755
658
39
628
126
933
185
150
484
429
864
381
553
855
180
337
642
368
642
887
532
137
484
356
62
165
269
167
824
785
10
960
589
343
812
539
988
590
362
212
69
745
284
574
726
250
682
548
213
587
522
834
216
401
857
105
856
766
657
421
676
625
480
269
418
988
41
335
672
818
300
181
945
123
296
1000
699
133
761
679
5
57
708
412
493
935
952
899
647
854
655
800
98
148
729
156
277
822
225
451
15
862
41
206
644
118
681
544
587
709
373
231
884
973
292
224
519
453
700
479
272
234
323
122
382
989
817
41
682
721
729
157
957
596
238
810
755
176
947
178
203
812
858
487
32
403
429
372
930
449
555
120
853
214
99
649
292
720
300
9
142
441
925
304
646
642
376
261
448
578
721
826
887
992
756
403
876
793
396
394
321
470
728
611
836
997
929
959
535
42
318
295
860
785
432
687
989
91
18
68
657
99
807
596
187
612
271
384
21
537
301
808
274
408
352
731
352
148
889
817
460
189
764
632
808
998
759
743
423
523
631
739
666
429
98
611
971
508
896
66
158
175
274
224
375
395
141
685
902
694
552
252
39
711
816
807
582
908
37
965
16
582
605
148
405
181
982
157
978
260
961
339
731
65
98
7
621
171
628
684
17
64
889
746
204
162
743
969
627
646
918
651
308
305
262
342
816
334
14
124
213
960
367
977
880
481
119
681
983
821
361
892
477
142
521
167
878
988
885
368
706
769
992
974
135
598
832
530
614
534
143
70
720
5
294
552
194
980
901
58
707
812
560
466
678
915
316
49
122
448
847
739
631
248
988
26
964
179
118
174
420
830
84
925
791
29
259
715
868
653
353
414
843
867
853
657
792
949
109
899
269
547
815
235
887
808
49
347
496
547
179
670
941
53
602
374
781
166
632
902
546
289
919
665
852
32
5
310
616
741
592
329
296
655
146
110
621
949
960
916
903
882
197
412
925
733
108
125
839
555
266
214
624
76
266
903
978
271
722
124
138
802
26
398
890
26
77
912
717
259
384
683
149
980
455
63
408
179
239
254
241
64
582
14
659
209
742
748
224
426
681
607
32
478
655
536
805
110
754
228
347
653
642
667
893
646
621
592
194
474
918
333
751
210
54
355
998
45
608
523
220
734
702
204
656
798
650
321
974
473
527
14
308
719
333
431
12
290
923
645
464
439
694
446
180
803
520
176
333
563
996
673
144
216
550
646
653
141
168
199
681
990
126
947
667
471
315
541
630
174
676
754
373
222
915
285
622
745
582
921
365
857
869
227
969
83
235
946
539
256
284
644
306
161
349
286
12
423
224
31
247
965
286
737
838
386
823
318
935
374
78
931
273
801
360
627
226
43
59
203
199
347
818
21
13
951
518
539
955
620
905
682
379
883
260
553
142
152
89
908
908
136
698
713
117
343
992
430
89
900
984
405
763
633
264
782
485
794
23
343
237
577
882
322
349
404
458
675
953
260
67
453
913
210
728
824
45
920
450
72
920
178
400
397
406
319
599
875
71
784
410
606
85
43
470
915
354
884
284
933
995
745
90
299
697
825
179
35
374
544
65
573
900
857
381
486
161
401
102
328
807
908
261
458
880
510
153
161
102
944
718
819
128
748
433
907
969
463
742
462
827
667
962
945
713
134
933
517
962
698
335
336
480
634
435
9
664
597
248
936
597
458
812
64
493
177
364
89
653
458
143
630
592
420
273
424
603
771
674
341
164
135
302
49
296
846
336
775
371
837
775
300
442
848
139
120
61
235
632
673
105
844
361
142
650
224
136
998
253
702
858
995
763
316
80
446
929
68
735
855
540
738
913
176
235
269
533
480
901
87
161
7
353
827
440
291
860
882
406
518
36
106
943
681
867
276
792
450
408
688
190
677
640
783
723
882
938
565
439
491
495
977
946
999
72
914
279
32
562
936
317
406
676
795
983
54
617
772
827
658
161
527
960
598
810
825
504
636
772
252
13
901
721
908
328
477
107
733
68
729
160
203
697
640
281
262
29
355
840
40
805
243
647
108
705
421
926
764
661
852
772
839
827
11
991
173
182
141
430
97
234
27
699
938
535
641
550
253
53
214
677
795
433
655
456
163
501
311
200
451
205
756
879
360
165
200
755
752
953
891
477
984
741
898
718
815
747
734
648
902
18
539
418
354
243
83
390
952
575
735
565
347
765
217
810
845
32
417
659
80
12
394
35
960
961
56
677
887
712
609
436
916
42
469
77
993
88
595
910
111
365
153
960
808
48
479
863
569
158
985
458
802
692
736
862
547
186
443
29
77
179
911
995
955
944
80
633
187
628
275
971
852
994
274
389
605
939
986
698
72
964
77
756
850
813
431
32
943
716
55
784
174
711
284
596
495
776
553
83
277
538
158
627
268
74
869
8
191
162
414
273
558
815
503
286
843
769
100
893
671
883
855
916
774
560
132
1
932
558
219
334
66
343
570
96
169
169
695
982
842
872
903
406
279
929
470
3
762
471
507
347
112
59
855
549
481
900
138
384
230
286
946
902
903
910
34
879
329
283
83
946
897
465
497
198
136
352
996
7
122
537
976
556
212
544
332
853
946
716
852
307
50
148
755
695
288
164
753
636
719
125
285
200
529
778
615
557
667
462
765
647
592
51
511
270
409
790
337
458
165
551
845
534
587
252
786
710
665
516
317
530
687
337
322
789
550
279
847
463
798
897
421
445
1000
58
476
403
929
209
218
488
912
526
64
503
669
730
594
406
445
163
616
623
302
692
509
604
211
171
531
31
196
363
345
847
134
130
515
175
994
261
380
297
293
464
171
968
28
242
223
995
105
156
287
909
54
418
731
857
877
490
201
978
625
810
45
505
693
30
16
736
935
423
995
491
929
471
472
558
236
504
493
761
920
524
718
873
253
839
575
152
207
241
459
940
690
360
155
85
218
635
534
464
916
545
953
745
551
839
324
613
945
976
457
997
536
742
633
462
125
687
677
518
102
452
830
65
609
619
225
385
336
300
819
468
518
744
532
855
684
549
763
633
312
814
327
266
594
975
836
98
148
783
690
222
398
750
342
941
572
966
291
904
468
598
257
520
919
216
184
242
100
892
913
85
259
390
441
580
429
187
939
159
437
793
289
716
251
620
671
795
893
516
940
487
314
556
813
72
765
46
856
973
538
649
202
214
984
20
709
960
755
669
194
170
125
546
511
365
48
177
77
440
146
371
984
553
854
635
684
175
403
940
920
356
963
32
410
576
410
21
679
905
665
385
253
207
150
943
831
835
770
218
956
432
814
526
396
506
555
726
256
610
917
903
37
699
83
940
837
279
661
803
138
195
34
140
847
186
814
898
925
92
820
842
423
87
621
721
963
198
613
706
974
789
591
836
386
823
757
113
46
119
246
707
994
10
283
42
638
798
375
945
822
996
11
702
516
192
260
767
618
753
162
490
266
164
757
69
372
963
614
821
507
195
367
394
388
379
792
422
980
16
487
30
974
686
427
529
533
40
101
238
316
744
932
883
968
595
724
240
806
851
201
385
454
944
838
690
267
481
316
829
862
484
545
695
183
853
272
712
240
211
294
801
349
782
1000
800
219
389
494
39
748
708
516
787
173
594
413
408
476
40
524
122
817
958
113
318
807
336
709
135
503
101
82
268
914
224
689
934
505
895
105
896
995
817
785
567
626
925
786
433
26
685
420
570
591
801
860
689
586
720
742
305
903
186
45
475
406
881
204
329
757
469
328
645
758
622
204
152
914
268
112
959
994
283
888
712
797
587
380
938
379
371
273
170
372
749
379
634
862
85
717
804
418
939
63
484
402
856
578
379
137
756
972
712
6
726
475
745
783
582
479
151
366
132
192
615
154
515
744
629
701
872
479
995
405
148
154
800
426
609
391
139
323
162
624
958
837
730
57
376
609
46
928
43
392
799
936
420
797
744
97
504
448
166
263
187
435
293
469
340
930
87
599
333
524
575
217
207
512
860
336
738
414
585
442
961
52
145
684
140
113
64
792
823
937
788
545
760
654
802
13
614
255
229
501
781
624
90
956
701
309
215
394
234
836
730
140
199
350
189
593
380
578
342
675
166
303
349
536
429
235
487
285
921
748
624
38
197
146
317
740
654
264
807
19
573
109
748
447
200
507
431
675
463
236
128
381
977
643
734
553
863
510
352
857
672
486
867
406
780
352
205
469
701
436
785
329
663
575
980
960
800
335
684
893
145
154
480
738
477
643
113
584
625
235
320
549
233
992
618
96
556
276
750
819
725
525
512
333
931
276
989
236
418
524
454
724
952
34
74
622
812
987
196
656
848
46
212
581
863
206
233
73
289
244
892
810
148
240
624
390
989
201
709
806
916
985
931
820
269
310
52
614
867
902
715
718
639
874
568
749
126
749
501
148
800
786
123
71
709
72
517
70
2
267
582
497
601
199
983
600
479
819
432
52
366
504
32
358
571
77
976
913
290
137
9
718
949
387
814
597
756
177
884
378
638
756
165
500
589
44
348
541
416
197
628
6
449
734
865
219
87
465
527
934
303
532
561
939
219
876
666
167
748
256
904
926
556
689
78
80
852
404
440
279
884
600
761
935
617
627
601
202
104
644
835
327
521
268
578
742
135
991
523
411
619
592
77
509
352
350
189
826
562
521
38
929
208
808
254
99
960
883
84
174
529
8
246
664
788
845
543
981
756
64
660
652
460
390
543
812
39
742
317
471
643
578
651
520
407
241
158
590
116
531
167
597
919
699
493
749
380
530
436
241
174
709
387
183
715
325
731
471
517
967
988
825
691
760
178
175
950
175
644
644
743
367
205
529
870
215
131
594
5
71
861
977
331
265
170
654
644
690
804
953
285
708
772
486
974
25
959
580
553
646
5
874
486
953
26
734
265
225
766
948
667
841
159
527
124
832
430
135
291
992
663
983
852
344
329
873
448
73
702
433
299
425
509
187
54
751
251
929
484
205
768
197
474
979
621
344
16
189
691
876
724
779
334
76
789
697
969
222
741
234
499
482
880
334
360
274
537
453
322
774
524
751
614
67
70
601
283
815
752
894
972
99
243
824
159
381
613
705
790
562
913
931
739
364
565
751
217
789
389
278
709
657
797
946
643
281
715
24
61
345
939
541
839
783
692
514
941
574
128
725
533
863
776
757
793
499
990
98
765
680
988
406
648
813
418
532
269
187
173
980
392
866
195
983
758
997
683
957
669
411
1000
1
770
195
455
830
490
555
158
937
600
677
796
258
701
351
120
832
846
181
769
679
695
13
636
65
341
415
908
14
554
279
580
641
617
920
392
594
249
783
250
513
518
889
352
501
90
722
242
649
331
443
785
872
935
199
763
421
658
914
83
265
160
223
702
585
270
844
544
715
58
236
709
206
547
137
83
316
314
411
460
645
264
698
682
616
226
588
667
744
200
339
684
553
275
446
554
317
116
458
188
192
873
837
547
716
10
856
75
442
250
998
132
310
945
300
769
69
726
855
481
702
330
469
372
114
688
401
13
977
672
375
854
850
450
871
338
927
872
633
67
723
245
494
539
553
753
871
40
210
622
669
609
786
445
460
205
168
57
652
443
753
742
509
475
823
602
326
955
387
817
426
823
732
927
185
944
882
549
550
900
932
295
898
958
2
205
300
604
264
581
83
559
544
809
970
656
475
476
710
421
227
792
943
138
704
772
144
829
309
217
93
34
550
99
889
437
649
533
681
581
678
453
9
221
740
247
176
263
649
485
258
194
997
163
762
922
148
144
730
878
558
585
409
580
493
208
183
153
186
746
128
533
917
183
802
290
263
106
37
94
909
31
839
510
931
972
385
394
355
464
521
928
769
601
4
224
412
722
128
990
787
577
595
302
169
998
828
482
198
375
116
151
564
944
24
470
435
592
198
174
345
423
50
294
618
828
748
48
655
243
799
129
190
139
496
454
374
454
553
976
222
225
857
352
977
115
322
629
703
763
783
730
67
330
40
837
156
143
483
322
739
617
65
942
968
559
266
759
833
436
14
505
17
966
281
843
552
85
465
528
964
497
487
234
916
684
208
809
325
158
607
384
11
591
305
184
614
312
821
246
974
2
638
488
444
40
958
158
934
945
672
131
47
485
282
146
273
993
390
917
463
493
259
240
556
642
221
324
34
393
149
576
880
391
662
114
99
28
110
867
599
371
972
257
322
668
893
782
709
173
341
229
848
775
604
605
921
852
350
589
817
447
959
159
163
452
18
650
273
750
404
720
773
791
217
758
977
194
666
258
748
428
994
462
650
137
244
234
214
827
387
728
495
70
997
961
652
951
813
573
492
18
803
856
158
218
139
560
610
707
199
546
115
419
329
236
498
791
24
21
264
11
86
785
743
833
669
505
14
947
284
407
727
731
474
166
270
975
341
328
256
378
462
834
477
613
741
714
52
749
909
537
426
870
84
715
119
726
250
802
661
628
931
26
613
86
802
904
416
442
331
900
223
692
685
182
271
223
339
381
772
327
598
513
233
954
553
298
490
903
824
82
126
102
181
197
52
423
944
841
816
527
379
968
882
549
383
834
484
27
791
792
462
88
335
731
448
50
872
723
947
377
579
252
828
62
887
810
30
186
9
565
763
675
167
239
503
65
905
530
409
375
268
704
358
869
228
826
260
35
326
817
656
255
879
51
908
575
756
301
200
411
536
680
996
953
739
622
392
932
901
67
817
183
423
584
472
410
929
746
231
951
982
713
459
511
289
997
745
750
506
419
87
493
912
733
288
398
965
344
138
529
889
967
288
645
220
853
55
547
179
663
392
948
429
287
89
467
19
717
712
301
651
984
213
781
312
626
186
772
511
522
641
357
919
699
315
359
502
858
913
363
245
461
728
446
455
254
710
944
387
615
739
682
779
647
47
687
689
874
430
417
933
775
466
404
101
187
725
208
10
820
664
368
986
400
933
935
48
691
6
698
396
38
937
480
240
421
569
679
416
241
657
160
572
756
223
538
822
796
10
196
75
918
434
164
112
228
979
997
299
337
85
941
570
424
259
196
235
725
246
496
978
267
886
78
264
205
924
651
118
88
791
808
582
997
321
260
170
61
461
723
316
436
263
620
209
592
640
937
227
611
748
895
537
884
2
909
917
621
367
194
266
709
719
607
903
709
762
259
453
951
479
469
689
234
440
836
414
610
817
435
978
989
766
856
331
224
256
27
790
576
187
452
348
909
927
717
634
681
561
191
619
502
174
256
972
668
707
201
363
738
164
390
725
780
703
839
875
91
468
300
344
419
948
37
106
678
970
895
122
421
810
90
122
782
797
903
66
545
846
743
478
252
140
79
232
87
349
632
53
106
955
82
847
954
845
416
647
458
557
423
444
246
241
737
532
267
792
814
150
658
219
106
18
572
574
289
374
576
946
710
669
807
800
827
846
528
148
779
719
399
771
899
763
240
410
224
543
321
172
146
509
230
152
645
731
622
757
224
204
283
659
542
824
303
448
930
754
857
307
928
862
671
784
63
493
294
312
618
166
596
789
917
915
407
535
709
533
622
406
144
541
885
140
588
457
710
750
956
534
74
695
348
344
912
417
885
539
124
185
996
493
193
549
861
899
721
197
574
477
392
860
694
454
81
321
764
771
192
630
579
616
991
716
523
865
956
129
875
60
832
32
794
417
106
347
622
290
561
574
916
29
512
387
949
915
860
422
785
420
386
149
373
905
587
950
312
342
881
621
748
482
619
984
360
852
420
760
578
228
594
662
234
251
459
8
393
584
58
647
736
863
886
886
14
272
587
617
825
330
690
696
629
554
707
854
882
684
268
530
487
556
729
273
757
618
539
902
95
232
262
168
109
9
121
838
512
535
738
17
920
953
306
254
601
551
572
702
163
156
180
564
576
879
746
699
705
926
213
338
738
535
956
909
476
156
416
56
281
867
125
402
986
935
623
788
732
158
266
709
425
576
617
307
218
457
632
200
682
139
157
239
742
803
305
377
985
277
253
320
980
463
463
712
458
80
92
653
42
211
711
949
62
932
592
882
464
413
592
900
483
429
304
273
591
294
993
538
319
361
550
203
29
625
797
502
854
616
317
254
239
522
842
883
670
708
411
358
694
376
997
154
570
104
792
933
82
549
183
378
651
979
845
461
961
178
347
386
712
876
118
186
864
806
245
802
327
77
56
546
480
430
123
159
65
729
434
670
114
771
239
518
705
623
560
464
251
1
699
606
885
247
667
221
848
931
412
768
187
473
953
458
27
314
720
960
13
723
91
489
179
813
735
330
109
617
393
314
119
120
156
183
145
404
95
324
316
551
556
488
343
958
516
299
305
121
173
231
218
674
429
945
634
31
344
875
99
854
862
695
162
988
824
786
135
817
104
618
319
828
504
813
703
367
483
168
585
942
696
1
43
962
910
194
946
276
441
107
30
880
145
354
471
376
699
985
589
345
761
740
813
903
685
421
423
728
972
246
540
311
757
186
629
151
728
97
559
649
331
71
891
741
256
735
66
273
18
425
349
185
62
789
698
859
23
794
250
285
330
448
816
702
752
670
588
693
393
721
325
426
29
